"","Date","Max","Min","Rain","GDDDaily","Cumulative Rainfall (in)","593","25N","28E","713"
"1","05/10/2023",76,44.1,0,13,0,13,NA,NA,NA
"2","05/11/2023",81,45.4,0,15.5,0,28.5,15.5,15.5,NA
"3","5/12/2023",71.8,57.9,0.01,14.85,0.01,43.35,30.35,30.35,NA
"4","5/13/2023",70.9,57,0.03,13.95,0.04,57.3,44.3,44.3,NA
"5","5/14/2023",60.4,45.5,0.21,5.2,0.25,62.5,49.5,49.5,NA
"6","5/15/2023",70.1,35.7,0,10.05,0.25,72.55,59.55,59.55,NA
"7","5/16/2023",78.9,45.9,0,14.45,0.25,87,74,74,14.45
"8","5/17/2023",63.1,36.2,0,6.55,0.25,93.55,80.55,80.55,21
"9","5/18/2023",73.4,36.7,0,11.7,0.25,105.25,92.25,92.25,32.7
"10","5/19/2023",64.8,47.7,0.05,7.4,0.3,112.65,99.65,99.65,40.1
"11","5/20/2023",73.9,40.1,0,11.95,0.3,124.6,111.6,111.6,52.05
"12","5/21/2023",77.8,46.5,0,13.9,0.3,138.5,125.5,125.5,65.95
"13","5/22/2023",80,46.1,0,15,0.3,153.5,140.5,140.5,80.95
"14","5/23/2023",82.1,45.4,0,16.05,0.3,169.55,156.55,156.55,97
"15","5/24/2023",69.5,47.8,0,9.75,0.3,179.3,166.3,166.3,106.75
"16","5/25/2023",69.1,45.1,0,9.55,0.3,188.85,175.85,175.85,116.3
"17","5/26/2023",73,40.1,0,11.5,0.3,200.35,187.35,187.35,127.8
"18","5/27/2023",78.1,41.9,0,14.05,0.3,214.4,201.4,201.4,141.85
"19","5/28/2023",81.1,47.8,0,15.55,0.3,229.95,216.95,216.95,157.4
"20","5/29/2023",83.1,51.1,0,17.1,0.3,247.05,234.05,234.05,174.5
"21","5/30/2023",88.9,55.9,0,20.95,0.3,268,255,255,195.45
"22","5/31/2023",90.1,60.1,0.01,23.05,0.31,291.05,278.05,278.05,218.5
"23","6/1/2023",90.1,63.1,0.04,24.55,0.35,315.6,302.6,302.6,243.05
"24","6/2/2023",90.1,61.9,0.06,23.95,0.41,339.55,326.55,326.55,267
"25","6/3/2023",90.1,60.1,0,23.05,0.41,362.6,349.6,349.6,290.05
"26","6/4/2023",84,60.1,0,22.05,0.41,384.65,371.65,371.65,312.1
"27","6/5/2023",82,54.1,0,18.05,0.41,402.7,389.7,389.7,330.15
"28","6/6/2023",79,60.1,0.03,19.55,0.44,422.25,409.25,409.25,349.7
"29","6/7/2023",75.9,52.2,0,14.05,0.44,436.3,423.3,423.3,363.75
"30","6/8/2023",75.9,45.1,0,12.95,0.44,449.25,436.25,436.25,376.7
"31","6/9/2023",82,47.8,0,16,0.44,465.25,452.25,452.25,392.7
"32","6/10/2023",83.1,55.9,0,19.5,0.44,484.75,471.75,471.75,412.2
"33","6/11/2023",61.3,39.9,0.05,5.65,0.49,490.4,477.4,477.4,417.85
"34","6/12/2023",71.2,39.3,0,10.6,0.49,501,488,488,428.45
"35","6/13/2023",65.5,52.8,0,9.15,0.49,510.15,497.15,497.15,437.6
"36","06/14/2023",82.8,56.1,0,19.45,0.49,529.6,516.6,516.6,457.05
"37","06/15/2023",72.9,48.1,0,11.45,0.49,541.05,528.05,528.05,468.5
"38","06/16/2023",75.7,47.4,0,12.85,0.49,553.9,540.9,540.9,481.35
"39","06/17/2023",82.3,47.5,0,16.15,0.49,570.05,557.05,557.05,497.5
"40","06/18/2023",86.7,52.1,0,19.05,0.49,589.1,576.1,576.1,516.55
"41","06/19/2023",88.9,57.8,0,21.9,0.49,611,598,598,538.45
"42","06/20/2023",87,55.1,0,20.55,0.49,631.55,618.55,618.55,559
"43","06/21/2023",90,54.1,0,20.05,0.49,651.6,638.6,638.6,579.05
"44","06/22/2023",89.6,58.5,0,22.25,0.49,673.85,660.85,660.85,601.3
"45","06/23/2023",91,53.2,0,19.6,0.49,693.45,680.45,680.45,620.9
"46","06/24/2023",91.4,59.4,0.24,22.7,0.73,716.15,703.15,703.15,643.6
"47","06/25/2023",76.1,65.9,0.23,21,0.96,737.15,724.15,724.15,664.6
"48","06/26/2023",73.7,63.2,0,18.45,0.96,755.6,742.6,742.6,683.05
"49","06/27/2023",82,57.3,0,19.65,0.96,775.25,762.25,762.25,702.7
"50","06/28/2023",84.3,57.7,0,21,0.96,796.25,783.25,783.25,723.7
"51","06/29/2023",89.9,62.2,0,24.1,0.96,820.35,807.35,807.35,747.8
"52","06/30/2023",88.1,59.7,0,22.85,0.96,843.2,830.2,830.2,770.65
"53","07/01/2023",87,65.6,0,25.8,0.96,869,856,856,796.45
"54","07/02/2023",86.5,64.4,0,25.2,0.96,894.2,881.2,881.2,821.65
"55","07/03/2023",92.3,56.7,0,21.35,0.96,915.55,902.55,902.55,843
"56","07/04/2023",91.1,65.2,0,25.6,0.96,941.15,928.15,928.15,868.6
"57","07/05/2023",86.4,65.7,0.92,25.85,1.88,967,954,954,894.45
"58","07/06/2023",78.4,56,0.79,17.2,2.67,984.2,971.2,971.2,911.65
"59","07/07/2023",77.6,51.3,0.04,14.45,2.71,998.65,985.65,985.65,926.1
"60","07/08/2023",81.8,60.1,0,20.95,2.71,1019.6,1006.6,1006.6,947.05
"61","07/09/2023",84.1,52.6,0,18.35,2.71,1037.95,1024.95,1024.95,965.4
"62","07/10/2023",86.3,56.5,0,21.25,2.71,1059.2,1046.2,1046.2,986.65
"63","07/11/2023",82.6,62.3,0,22.45,2.71,1081.65,1068.65,1068.65,1009.1
"64","07/12/2023",69.2,55.3,0.34,12.25,3.05,1093.9,1080.9,1080.9,1021.35
"65","07/13/2023",78.9,57.2,0.21,18.05,3.26,1111.95,1098.95,1098.95,1039.4
"66","07/14/2023",85.4,63,0.07,24.2,3.33,1136.15,1123.15,1123.15,1063.6
"67","07/15/2023",83.1,61,0.04,22.05,3.37,1158.2,1145.2,1145.2,1085.65
"68","07/16/2023",79.4,56.5,0.02,17.95,3.39,1176.15,1163.15,1163.15,1103.6
"69","07/17/2023",75.6,50.1,0.01,12.85,3.4,1189,1176,1176,1116.45
"70","07/18/2023",81.7,48.9,0.01,15.85,3.41,1204.85,1191.85,1191.85,1132.3
"71","07/19/2023",80.4,51.9,0,16.15,3.41,1221,1208,1208,1148.45
"72","07/20/2023",80,58.4,0.01,19.2,3.42,1240.2,1227.2,1227.2,1167.65
"73","07/21/2023",84.5,52,0.01,18.25,3.43,1258.45,1245.45,1245.45,1185.9
"74","07/22/2023",83.5,54.8,0,19.15,3.43,1277.6,1264.6,1264.6,1205.05
"75","07/23/2023",84.6,54,0,19.3,3.43,1296.9,1283.9,1283.9,1224.35
"76","07/24/2023",85.4,54.8,0.01,20.1,3.44,1317,1304,1304,1244.45
"77","07/25/2023",87,58.9,0,22.45,3.44,1339.45,1326.45,1326.45,1266.9
"78","07/26/2023",89.3,65.1,0.04,25.55,3.48,1365,1352,1352,1292.45
"79","07/27/2023",90.3,60.8,0.01,23.4,3.49,1388.4,1375.4,1375.4,1315.85
"80","07/28/2023",91.9,65.4,0.09,25.7,3.58,1414.1,1401.1,1401.1,1341.55
"81","07/29/2023",86.1,63.9,0.06,24.95,3.64,1439.05,1426.05,1426.05,1366.5
"82","07/30/2023",86,57.4,0.01,21.7,3.65,1460.75,1447.75,1447.75,1388.2
"83","07/31/2023",84.4,50.8,0,17.6,3.65,1478.35,1465.35,1465.35,1405.8
"84","08/01/2023",90.7,51.6,0.01,18.8,3.66,1497.15,1484.15,1484.15,1424.6
"85","08/02/2023",82.5,57,0,19.75,3.66,1516.9,1503.9,1503.9,1444.35
"86","08/03/2023",87.4,59.9,0,22.95,3.66,1539.85,1526.85,1526.85,1467.3
"87","08/04/2023",86.3,63.6,0,24.8,3.66,1564.65,1551.65,1551.65,1492.1
"88","08/05/2023",86.2,58.9,0,22.45,3.66,1587.1,1574.1,1574.1,1514.55
"89","08/06/2023",82.4,56.6,0,19.5,3.66,1606.6,1593.6,1593.6,1534.05
"90","08/07/2023",88.1,58.3,0,22.15,3.66,1628.75,1615.75,1615.75,1556.2
"91","08/08/2023",90,54.9,0,20.45,3.66,1649.2,1636.2,1636.2,1576.65
"92","08/09/2023",82.5,49.9,0,16.25,3.66,1665.45,1652.45,1652.45,1592.9
"93","08/10/2023",89.4,55.1,0,20.55,3.66,1686,1673,1673,1613.45
"94","08/11/2023",87.3,58.5,0.08,22.25,3.74,1708.25,1695.25,1695.25,1635.7
"95","08/12/2023",87.5,57.1,0.15,21.55,3.89,1729.8,1716.8,1716.8,1657.25
"96","08/13/2023",70.7,57.2,0.02,13.95,3.91,1743.75,1730.75,1730.75,1671.2
"97","08/14/2023",70.6,61.3,1.678,15.95,5.588,1759.7,1746.7,1746.7,1687.15
"98","08/15/2023",76.5,57.7,0,17.1,5.588,1776.8,1763.8,1763.8,1704.25
"99","08/16/2023",79.8,56.6,0,18.2,5.588,1795,1782,1782,1722.45
"100","08/17/2023",72,55.7,0.146,13.85,5.734,1808.85,1795.85,1795.85,1736.3
"101","08/18/2023",75.6,51.1,0,13.35,5.734,1822.2,1809.2,1809.2,1749.65
"102","08/19/2023",84.8,63.1,0,23.95,5.734,1846.15,1833.15,1833.15,1773.6
"103","08/20/2023",90.3,72.5,0,29.25,5.734,1875.4,1862.4,1862.4,1802.85
"104","08/21/2023",83.1,62.7,0,22.9,5.734,1898.3,1885.3,1885.3,1825.75
"105","08/22/2023",88,63.5,0,24.75,5.734,1923.05,1910.05,1910.05,1850.5
"106","08/23/2023",98,78.6,0,32.3,5.734,1955.35,1942.35,1942.35,1882.8
"107","08/24/2023",95.4,77.5,0,31.75,5.734,1987.1,1974.1,1974.1,1914.55
"108","08/25/2023",82.6,70.6,0,26.6,5.734,2013.7,2000.7,2000.7,1941.15
"109","08/26/2023",72.1,59.1,0,15.6,5.734,2029.3,2016.3,2016.3,1956.75
"110","08/27/2023",75.7,56.5,0,16.1,5.734,2045.4,2032.4,2032.4,1972.85
"111","08/28/2023",80.2,53.6,0,16.9,5.734,2062.3,2049.3,2049.3,1989.75
"112","08/29/2023",80.2,62,0.015,21.1,5.749,2083.4,2070.4,2070.4,2010.85
"113","08/30/2023",72.8,48.8,0,11.4,5.749,2094.8,2081.8,2081.8,2022.25
"114","08/31/2023",78,43.8,0,14,5.749,2108.8,2095.8,2095.8,2036.25
"115","09/01/2023",82.9,54.3,0,18.6,5.749,2127.4,2114.4,2114.4,2054.85
"116","09/02/2023",89.9,65.3,0,25.65,5.749,2153.05,2140.05,2140.05,2080.5
"117","09/03/2023",95,70.4,0,28.2,5.749,2181.25,2168.25,2168.25,2108.7
"118","09/04/2023",93.1,69.5,0,27.75,5.749,2209,2196,2196,2136.45
"119","09/05/2023",86.5,74.1,0,30.05,5.749,2239.05,2226.05,2226.05,2166.5
"120","09/06/2023",80.2,65.4,0.016,22.8,5.765,2261.85,2248.85,2248.85,2189.3
"121","09/07/2023",66.5,58.7,0,12.6,5.765,2274.45,2261.45,2261.45,2201.9
"122","09/08/2023",64.5,53.6,0.047,9.05,5.812,2283.5,2270.5,2270.5,2210.95
"123","09/09/2023",75.4,47.2,0,12.7,5.812,2296.2,2283.2,2283.2,2223.65
"124","09/10/2023",78.2,60.1,0,19.15,5.812,2315.35,2302.35,2302.35,2242.8
"125","09/11/2023",67.9,57.3,0.259,12.6,6.071,2327.95,2314.95,2314.95,2255.4
"126","09/12/2023",69.4,50.6,0.187,10,6.258,2337.95,2324.95,2324.95,2265.4
"127","09/13/2023",65,47.8,0.004,7.5,6.262,2345.45,2332.45,2332.45,2272.9
"128","09/14/2023",72.9,41.9,0,11.45,6.262,2356.9,2343.9,2343.9,2284.35
"129","09/15/2023",77.3,52.2,0,14.75,6.262,2371.65,2358.65,2358.65,2299.1
"130","09/16/2023",70.2,54.9,0.025,12.55,6.287,2384.2,2371.2,2371.2,2311.65
"131","09/17/2023",72.5,52.5,0.02,12.5,6.307,2396.7,2383.7,2383.7,2324.15
"132","09/18/2023",72.9,45.8,0,11.45,6.307,2408.15,2395.15,2395.15,2335.6
"133","09/19/2023",70.9,57.2,0.305,14.05,6.612,2422.2,2409.2,2409.2,2349.65
"134","09/20/2023",78.7,58.6,0,18.65,6.612,2440.85,2427.85,2427.85,2368.3
"135","09/21/2023",78.1,61.6,0.034,19.85,6.646,2460.7,2447.7,2447.7,2388.15
"136","09/22/2023",76.1,64,0.011,20.05,6.657,2480.75,2467.75,2467.75,2408.2
"137","09/23/2023",80.1,64.3,0.002,22.2,6.659,2502.95,2489.95,2489.95,2430.4
"138","09/24/2023",77.5,61,0,19.25,6.659,2522.2,2509.2,2509.2,2449.65
"139","09/25/2023",75.1,62.7,0.288,18.9,6.947,2541.1,2528.1,2528.1,2468.55
"140","09/26/2023",68.2,61.1,0.97,14.65,7.917,2555.75,2542.75,2542.75,2483.2
"141","09/27/2023",67.7,62.3,0.263,15,8.18,2570.75,2557.75,2557.75,2498.2
"142","09/28/2023",67.3,61.3,0,14.3,8.18,2585.05,2572.05,2572.05,2512.5
"143","09/29/2023",75.9,52.2,0,14.05,8.18,2599.1,2586.1,2586.1,2526.55
"144","09/30/2023",84.3,61.8,0,23.05,8.18,2622.15,2609.15,2609.15,2549.6
"145","10/01/2023",86.1,63.7,0,24.85,8.18,2647,2634,2634,2574.45
"146","10/02/2023",83.5,59.5,0,21.5,8.18,2668.5,2655.5,2655.5,2595.95
"147","10/03/2023",84,55.7,0,19.85,8.18,2688.35,2675.35,2675.35,2615.8
"148","10/04/2023",79,65.2,0.013,22.1,8.193,2710.45,2697.45,2697.45,2637.9
"149","10/05/2023",71.2,52.3,0,11.75,8.193,2722.2,2709.2,2709.2,2649.65
"150","10/06/2023",54.5,45.1,0,2.25,8.193,2724.45,2711.45,2711.45,2651.9
"151","10/07/2023",55.8,38.6,0,2.9,8.193,2727.35,2714.35,2714.35,2654.8
"152","10/08/2023",53.5,38.2,0,1.75,8.193,2729.1,2716.1,2716.1,2656.55
"153","10/09/2023",55.8,36.5,0,2.9,8.193,2732,2719,2719,2659.45
