"","Date","MaxTemp","MinTemp","Rain","GDDDaily","Cumulative Rainfall (in)","M1400","M1500","H703","B501","B502","H101","B601","H702"
"1","05/03/2023",63.14,33.62,0,6.57,0,6.57,NA,NA,NA,NA,NA,NA,NA
"2","05/04/2023",75.56,38.3,0,12.78,0,19.35,12.78,12.78,NA,NA,NA,NA,NA
"3","05/05/2023",76.1,57.92,0,17.01,0,36.36,29.79,29.79,NA,NA,NA,NA,NA
"4","05/06/2023",72.32,55.76,0.09,14.04,0.09,50.4,43.83,43.83,NA,NA,NA,NA,NA
"5","05/07/2023",82.22,50.54,0,16.38,0.09,66.78,60.21,60.21,NA,NA,NA,NA,NA
"6","05/08/2023",69.8,52.34,0.03,11.07,0.12,77.85,71.28,71.28,NA,NA,NA,NA,NA
"7","05/09/2023",70.16,53.96,0.48,12.06,0.6,89.91,83.34,83.34,NA,NA,NA,NA,NA
"8","05/10/2023",77.9,45.68,0,13.95,0.6,103.86,97.29,97.29,NA,NA,NA,NA,NA
"9","05/11/2023",82.04,45.32,0,16.02,0.6,119.88,113.31,113.31,NA,NA,NA,NA,NA
"10","05/12/2023",78.08,59.54,0.001,18.81,0.601,138.69,132.12,132.12,NA,NA,NA,NA,NA
"11","05/13/2023",73.4,60.8,0.02,17.1,0.621,155.79,149.22,149.22,NA,NA,NA,NA,NA
"12","05/14/2023",70.16,50.9,0,10.53,0.621,166.32,159.75,159.75,NA,NA,NA,NA,NA
"13","05/15/2023",71.06,37.58,0.14,10.53,0.761,176.85,170.28,170.28,NA,NA,NA,NA,NA
"14","05/16/2023",80.78,46.76,0.001,15.39,0.762,192.24,185.67,185.67,NA,NA,NA,NA,NA
"15","05/17/2023",72.86,40.82,0,11.43,0.762,203.67,197.1,197.1,NA,NA,NA,NA,NA
"16","05/18/2023",74.84,41,0,12.42,0.762,216.09,209.52,209.52,NA,NA,NA,NA,NA
"17","05/19/2023",71.78,58.28,0.06,15.03,0.822,231.12,224.55,224.55,NA,NA,NA,NA,NA
"18","05/20/2023",74.3,43.7,0,12.15,0.822,243.27,236.7,236.7,NA,NA,NA,NA,NA
"19","05/21/2023",78.98,44.6,0,14.49,0.822,257.76,251.19,251.19,NA,NA,NA,NA,NA
"20","05/22/2023",81.14,47.48,0,15.57,0.822,273.33,266.76,266.76,15.57,15.57,15.57,NA,NA
"21","05/23/2023",82.94,47.3,0,16.47,0.822,289.8,283.23,283.23,32.04,32.04,32.04,NA,NA
"22","05/24/2023",77.72,49.46,0,13.86,0.822,303.66,297.09,297.09,45.9,45.9,45.9,NA,NA
"23","05/25/2023",69.26,50.54,0,9.90000000000001,0.822,313.56,306.99,306.99,55.8,55.8,55.8,NA,NA
"24","05/26/2023",74.66,35.78,0,12.33,0.822,325.89,319.32,319.32,68.13,68.13,68.13,NA,NA
"25","05/27/2023",78.26,39.02,0,14.13,0.822,340.02,333.45,333.45,82.26,82.26,82.26,NA,NA
"26","05/28/2023",82.4,45.86,0,16.2,0.822,356.22,349.65,349.65,98.46,98.46,98.46,NA,NA
"27","05/29/2023",84.74,47.84,0,17.37,0.822,373.59,367.02,367.02,115.83,115.83,115.83,NA,NA
"28","05/30/2023",88.7,50.72,0,18.36,0.822,391.95,385.38,385.38,134.19,134.19,134.19,NA,NA
"29","05/31/2023",90.68,58.28,0,22.14,0.822,414.09,407.52,407.52,156.33,156.33,156.33,22.14,NA
"30","06/01/2023",87.8,59,0.001,22.5,0.823,436.59,430.02,430.02,178.83,178.83,178.83,44.64,22.5
"31","06/02/2023",90.14,60.98,0,23.49,0.823,460.08,453.51,453.51,202.32,202.32,202.32,68.13,45.99
"32","06/03/2023",90.5,57.74,0,21.87,0.823,481.95,475.38,475.38,224.19,224.19,224.19,90,67.86
"33","06/04/2023",83.48,61.52,0,22.5,0.823,504.45,497.88,497.88,246.69,246.69,246.69,112.5,90.36
"34","06/05/2023",86.9,51.08,0,18.54,0.823,522.99,516.42,516.42,265.23,265.23,265.23,131.04,108.9
"35","06/06/2023",81.86,60.08,0,20.97,0.823,543.96,537.39,537.39,286.2,286.2,286.2,152.01,129.87
"36","06/07/2023",77,57.56,0.17,17.28,0.993,561.24,554.67,554.67,303.48,303.48,303.48,169.29,147.15
"37","06/08/2023",76.82,42.8,0,13.41,0.993,574.65,568.08,568.08,316.89,316.89,316.89,182.7,160.56
"38","06/09/2023",82.76,42.62,0,16.38,0.993,591.03,584.46,584.46,333.27,333.27,333.27,199.08,176.94
"39","06/10/2023",84.92,55.4,0,20.16,0.993,611.19,604.62,604.62,353.43,353.43,353.43,219.24,197.1
"40","06/11/2023",74.3,51.8,0.1,13.05,1.093,624.24,617.67,617.67,366.48,366.48,366.48,232.29,210.15
"41","06/12/2023",71.78,39.38,0.04,10.89,1.133,635.13,628.56,628.56,377.37,377.37,377.37,243.18,221.04
"42","06/13/2023",72.14,52.52,0.05,12.33,1.183,647.46,640.89,640.89,389.7,389.7,389.7,255.51,233.37
"43","06/14/2023",83.48,57.74,0.05,20.61,1.233,668.07,661.5,661.5,410.31,410.31,410.31,276.12,253.98
"44","06/15/2023",78.26,56.3,0,17.28,1.233,685.35,678.78,678.78,427.59,427.59,427.59,293.4,271.26
"45","06/16/2023",73.4,43.7,0,11.7,1.233,697.05,690.48,690.48,439.29,439.29,439.29,305.1,282.96
"46","06/17/2023",83.48,46.94,0,16.74,1.233,713.79,707.22,707.22,456.03,456.03,456.03,321.84,299.7
"47","06/18/2023",86.54,55.22,0,20.61,1.233,734.4,727.83,727.83,476.64,476.64,476.64,342.45,320.31
"48","06/19/2023",88.52,59.36,0,22.68,1.233,757.08,750.51,750.51,499.32,499.32,499.32,365.13,342.99
"49","06/20/2023",87.08,53.6,0,19.8,1.233,776.88,770.31,770.31,519.12,519.12,519.12,384.93,362.79
"50","06/21/2023",90.68,55.22,0,20.61,1.233,797.49,790.92,790.92,539.73,539.73,539.73,405.54,383.4
"51","06/22/2023",89.6,57.02,0,21.51,1.233,819,812.43,812.43,561.24,561.24,561.24,427.05,404.91
"52","06/23/2023",90.5,52.7,0,19.35,1.233,838.35,831.78,831.78,580.59,580.59,580.59,446.4,424.26
"53","06/24/2023",93.92,57.56,0,21.78,1.233,860.13,853.56,853.56,602.37,602.37,602.37,468.18,446.04
"54","06/25/2023",90.68,67.82,0.21,26.91,1.443,887.04,880.47,880.47,629.28,629.28,629.28,495.09,472.95
"55","06/26/2023",75.92,65.66,0.03,20.79,1.473,907.83,901.26,901.26,650.07,650.07,650.07,515.88,493.74
"56","06/27/2023",83.3,58.46,0.001,20.88,1.474,928.71,922.14,922.14,670.95,670.95,670.95,536.76,514.62
"57","06/28/2023",86.18,58.28,0,22.14,1.474,950.85,944.28,944.28,693.09,693.09,693.09,558.9,536.76
"58","06/29/2023",90.68,65.3,0,25.65,1.474,976.5,969.93,969.93,718.74,718.74,718.74,584.55,562.41
"59","06/30/2023",89.6,62.24,0,24.12,1.474,1000.62,994.05,994.05,742.86,742.86,742.86,608.67,586.53
"60","07/01/2023",84.2,67.1,0,25.65,1.474,1026.27,1019.7,1019.7,768.51,768.51,768.51,634.32,612.18
"61","07/02/2023",88.7,69.26,0.001,27.63,1.475,1053.9,1047.33,1047.33,796.14,796.14,796.14,661.95,639.81
"62","07/03/2023",93.38,59.18,0,22.59,1.475,1076.49,1069.92,1069.92,818.73,818.73,818.73,684.54,662.4
"63","07/04/2023",93.74,65.66,0,25.83,1.475,1102.32,1095.75,1095.75,844.56,844.56,844.56,710.37,688.23
"64","07/05/2023",89.6,69.62,0.03,27.81,1.505,1130.13,1123.56,1123.56,872.37,872.37,872.37,738.18,716.04
"65","07/06/2023",80.96,59.9,1.01,20.43,2.515,1150.56,1143.99,1143.99,892.8,892.8,892.8,758.61,736.47
"66","07/07/2023",79.16,53.6,0,16.38,2.515,1166.94,1160.37,1160.37,909.18,909.18,909.18,774.99,752.85
"67","07/08/2023",81.86,62.6,0.001,22.23,2.516,1189.17,1182.6,1182.6,931.41,931.41,931.41,797.22,775.08
"68","07/09/2023",85.46,52.88,0,19.17,2.516,1208.34,1201.77,1201.77,950.58,950.58,950.58,816.39,794.25
"69","07/10/2023",89.6,61.52,0,23.76,2.516,1232.1,1225.53,1225.53,974.34,974.34,974.34,840.15,818.01
"70","07/11/2023",85.28,63.68,0.04,24.48,2.556,1256.58,1250.01,1250.01,998.82,998.82,998.82,864.63,842.49
"71","07/12/2023",76.46,60.26,0,18.36,2.556,1274.94,1268.37,1268.37,1017.18,1017.18,1017.18,882.99,860.85
"72","07/13/2023",81.5,60.08,1.65,20.79,4.206,1295.73,1289.16,1289.16,1037.97,1037.97,1037.97,903.78,881.64
"73","07/14/2023",88.88,66.2,0.28,26.1,4.486,1321.83,1315.26,1315.26,1064.07,1064.07,1064.07,929.88,907.74
"74","07/15/2023",83.12,64.76,0.21,23.94,4.696,1345.77,1339.2,1339.2,1088.01,1088.01,1088.01,953.82,931.68
"75","07/16/2023",80.96,59.54,0.04,20.25,4.736,1366.02,1359.45,1359.45,1108.26,1108.26,1108.26,974.07,951.93
"76","07/17/2023",77.9,55.4,0.13,16.65,4.866,1382.67,1376.1,1376.1,1124.91,1124.91,1124.91,990.72,968.58
"77","07/18/2023",79.88,51.8,0,15.84,4.866,1398.51,1391.94,1391.94,1140.75,1140.75,1140.75,1006.56,984.42
"78","07/19/2023",82.76,54.5,0,18.63,4.866,1417.14,1410.57,1410.57,1159.38,1159.38,1159.38,1025.19,1003.05
"79","07/20/2023",79.88,61.88,0,20.88,4.866,1438.02,1431.45,1431.45,1180.26,1180.26,1180.26,1046.07,1023.93
"80","07/21/2023",82.4,53.42,0,17.91,4.866,1455.93,1449.36,1449.36,1198.17,1198.17,1198.17,1063.98,1041.84
"81","07/22/2023",84.2,57.38,0,20.79,4.866,1476.72,1470.15,1470.15,1218.96,1218.96,1218.96,1084.77,1062.63
"82","07/23/2023",82.76,58.28,0.27,20.52,5.136,1497.24,1490.67,1490.67,1239.48,1239.48,1239.48,1105.29,1083.15
"83","07/24/2023",82.94,58.28,0.001,20.61,5.137,1517.85,1511.28,1511.28,1260.09,1260.09,1260.09,1125.9,1103.76
"84","07/25/2023",90.5,84.38,0,35.19,5.137,1553.04,1546.47,1546.47,1295.28,1295.28,1295.28,1161.09,1138.95
"85","07/26/2023",86.18,70.7,0,28.35,5.137,1581.39,1574.82,1574.82,1323.63,1323.63,1323.63,1189.44,1167.3
"86","07/27/2023",92.3,63.68,0.35,24.84,5.487,1606.23,1599.66,1599.66,1348.47,1348.47,1348.47,1214.28,1192.14
"87","07/28/2023",90.5,68.18,0.18,27.09,5.667,1633.32,1626.75,1626.75,1375.56,1375.56,1375.56,1241.37,1219.23
"88","07/29/2023",85.46,65.3,2,25.38,7.667,1658.7,1652.13,1652.13,1400.94,1400.94,1400.94,1266.75,1244.61
"89","07/30/2023",80.24,58.82,0.001,19.53,7.668,1678.23,1671.66,1671.66,1420.47,1420.47,1420.47,1286.28,1264.14
"90","07/31/2023",80.6,56.3,0.001,18.45,7.669,1696.68,1690.11,1690.11,1438.92,1438.92,1438.92,1304.73,1282.59
"91","08/01/2023",84.2,56.12,0,20.16,7.669,1716.84,1710.27,1710.27,1459.08,1459.08,1459.08,1324.89,1302.75
"92","08/02/2023",84.38,68.18,0,26.28,7.669,1743.12,1736.55,1736.55,1485.36,1485.36,1485.36,1351.17,1329.03
"93","08/03/2023",86.54,62.6,0,24.3,7.669,1767.42,1760.85,1760.85,1509.66,1509.66,1509.66,1375.47,1353.33
"94","08/04/2023",84.38,68.54,0,26.46,7.669,1793.88,1787.31,1787.31,1536.12,1536.12,1536.12,1401.93,1379.79
"95","08/05/2023",83.3,60.8,0,22.05,7.669,1815.93,1809.36,1809.36,1558.17,1558.17,1558.17,1423.98,1401.84
"96","08/06/2023",79.34,57.56,0,18.45,7.669,1834.38,1827.81,1827.81,1576.62,1576.62,1576.62,1442.43,1420.29
"97","08/07/2023",80.6,62.78,0,21.69,7.669,1856.07,1849.5,1849.5,1598.31,1598.31,1598.31,1464.12,1441.98
"98","08/08/2023",85.64,62.06,0,23.85,7.669,1879.92,1873.35,1873.35,1622.16,1622.16,1622.16,1487.97,1465.83
"99","08/09/2023",82.04,55.94,0,18.99,7.669,1898.91,1892.34,1892.34,1641.15,1641.15,1641.15,1506.96,1484.82
"100","08/10/2023",85.1,60.8,0,22.95,7.669,1921.86,1915.29,1915.29,1664.1,1664.1,1664.1,1529.91,1507.77
"101","08/11/2023",87.26,63.14,0.001,24.57,7.67,1946.43,1939.86,1939.86,1688.67,1688.67,1688.67,1554.48,1532.34
"102","08/12/2023",84.02,60.98,0.45,22.5,8.12,1968.93,1962.36,1962.36,1711.17,1711.17,1711.17,1576.98,1554.84
"103","08/13/2023",79.88,55.58,0,17.73,8.12,1986.66,1980.09,1980.09,1728.9,1728.9,1728.9,1594.71,1572.57
"104","08/14/2023",73.58,62.6,0.43,18.09,8.55,2004.75,1998.18,1998.18,1746.99,1746.99,1746.99,1612.8,1590.66
"105","08/15/2023",77.36,57.74,1.76,17.55,10.31,2022.3,2015.73,2015.73,1764.54,1764.54,1764.54,1630.35,1608.21
"106","08/16/2023",80.6,55.58,0,18.09,10.31,2040.39,2033.82,2033.82,1782.63,1782.63,1782.63,1648.44,1626.3
"107","08/17/2023",75.56,66.2,0.1,20.88,10.41,2061.27,2054.7,2054.7,1803.51,1803.51,1803.51,1669.32,1647.18
"108","08/18/2023",76.1,50.36,0,13.23,10.41,2074.5,2067.93,2067.93,1816.74,1816.74,1816.74,1682.55,1660.41
"109","08/19/2023",85.28,62.78,0,24.03,10.41,2098.53,2091.96,2091.96,1840.77,1840.77,1840.77,1706.58,1684.44
"110","08/20/2023",90.5,71.6,0,28.8,10.41,2127.33,2120.76,2120.76,1869.57,1869.57,1869.57,1735.38,1713.24
"111","08/21/2023",83.3,62.42,0,22.86,10.41,2150.19,2143.62,2143.62,1892.43,1892.43,1892.43,1758.24,1736.1
"112","08/22/2023",88.7,64.4,0,25.2,10.41,2175.39,2168.82,2168.82,1917.63,1917.63,1917.63,1783.44,1761.3
"113","08/23/2023",97.88,78.8,0,32.4,10.41,2207.79,2201.22,2201.22,1950.03,1950.03,1950.03,1815.84,1793.7
"114","08/24/2023",95.54,81.32,0,33.66,10.41,2241.45,2234.88,2234.88,1983.69,1983.69,1983.69,1849.5,1827.36
"115","08/25/2023",87.8,71.06,0.001,28.53,10.411,2269.98,2263.41,2263.41,2012.22,2012.22,2012.22,1878.03,1855.89
"116","08/26/2023",81.68,67.28,0,24.48,10.411,2294.46,2287.89,2287.89,2036.7,2036.7,2036.7,1902.51,1880.37
"117","08/27/2023",77,54.5,0,15.75,10.411,2310.21,2303.64,2303.64,2052.45,2052.45,2052.45,1918.26,1896.12
"118","08/28/2023",82.04,52.34,0,17.19,10.411,2327.4,2320.83,2320.83,2069.64,2069.64,2069.64,1935.45,1913.31
"119","08/29/2023",80.6,63.14,0.01,21.87,10.421,2349.27,2342.7,2342.7,2091.51,2091.51,2091.51,1957.32,1935.18
"120","08/30/2023",73.76,48.38,0,11.88,10.421,2361.15,2354.58,2354.58,2103.39,2103.39,2103.39,1969.2,1947.06
"121","08/31/2023",78.98,41.54,0,14.49,10.421,2375.64,2369.07,2369.07,2117.88,2117.88,2117.88,1983.69,1961.55
"122","09/01/2023",83.84,52.52,0,18.18,10.421,2393.82,2387.25,2387.25,2136.06,2136.06,2136.06,2001.87,1979.73
"123","09/02/2023",91.76,62.96,0,24.48,10.421,2418.3,2411.73,2411.73,2160.54,2160.54,2160.54,2026.35,2004.21
"124","09/03/2023",96.44,68.9,0,27.45,10.421,2445.75,2439.18,2439.18,2187.99,2187.99,2187.99,2053.8,2031.66
"125","09/04/2023",95.18,66.92,0,26.46,10.421,2472.21,2465.64,2465.64,2214.45,2214.45,2214.45,2080.26,2058.12
"126","09/05/2023",88.16,74.3,0,30.15,10.421,2502.36,2495.79,2495.79,2244.6,2244.6,2244.6,2110.41,2088.27
"127","09/06/2023",82.94,69.62,0.01,26.28,10.431,2528.64,2522.07,2522.07,2270.88,2270.88,2270.88,2136.69,2114.55
"128","09/07/2023",68.9,59.54,0.02,14.22,10.451,2542.86,2536.29,2536.29,2285.1,2285.1,2285.1,2150.91,2128.77
"129","09/08/2023",64.58,59.18,0.001,11.88,10.452,2554.74,2548.17,2548.17,2296.98,2296.98,2296.98,2162.79,2140.65
"130","09/09/2023",77,46.94,0.001,13.5,10.453,2568.24,2561.67,2561.67,2310.48,2310.48,2310.48,2176.29,2154.15
